5.005910079544379
5.029369637625217
4.814554434782875
4.774842205419112
4.812828600775107
4.731625850211727
4.747227701507048
4.76513415492815
4.829224416593698
4.833454457866733
4.809747862855775
4.783521317330497
4.756853424882281
4.75057853513931
4.74043197101611
4.730481843209824
4.7187214534872775
4.7015243433679315
4.697708754491818
4.679364286876001
4.704133178913831
4.670096146463448
4.67012853706912
4.692503170098826
4.7225601544573825
4.760705698822727
4.805746962521169
4.862925302816097
4.923668241649506
4.988421648824572
5.050979971071193
5.111256360667472
5.164672657404415
5.206892393657371
5.236147786794144
5.2528087878248675
5.258276261371483
5.254538345220471
5.244364532342425
5.230273723799211
5.214532159409482
5.199137070736934
5.185186078782277
5.173456639313718
5.164319025883082
5.157890052923181
5.153905576171471
5.15203122016531
5.151768895673782
5.15260746212843
5.154149035444852
5.156097217749887
5.158242422075841
5.1604209744129985
5.1624576903676225
5.164228216483831
5.165696403773193
5.166834520360269
5.167618785002269
5.168076447818901
5.168264524846118
5.1682348191592995
5.168037762664496
5.1677260267971254
5.167352974019201
5.1669696711597695
5.166613875838632
5.16630828882482
5.166065708372186
5.165887139565581
5.165765560592179
5.1656943825108765
5.1656666779149
5.165672577476644
5.165702292234253
5.165747394779399
5.165800327919674
5.165855346623083
5.165908187844711
5.165955256717638
5.1659945469020565
5.166025719294413
5.166048623190315
5.166062979898665
5.166069373757491
5.166069453011407
5.166065067108684
5.166057747721127
5.166048870547296
5.166039637856646
5.166030854540348
5.166023032103513
5.166016556117295
5.166011623771516
5.1660082144491035
5.166006163842792
5.166005235992861
5.166005194189705
5.1660058064621985
5.166006829783586
5.166008076020971
5.166009430526933
5.16245020326792
5.122251738568776
5.065071463380241
5.00760244651951
4.965023363104301
4.9330068773118665
4.9236540987540245
4.9577432914517505
5.037304062726995
5.160958803013003
5.264492764019514
5.461419554516699
5.726897665221789
5.957668840771288
6.225058090930924
6.4759858217520945
6.76822775732628
7.063116632469872
7.3927229657456515
7.675625139454206
8.010634967951292
8.346782845410598
8.674285327544876
8.868043129031394
9.258784698210436
9.57278714097241
9.868903755537538
10.163337568816297
10.482127305917542
10.850562551283566
11.20718505769522
11.53353289810161
11.85135057314441
12.182253010614852
12.510946481305295
12.830437815595053
13.148612505403282
13.445026362292314
13.74737552495655
14.063036227183659
14.345357195874909
14.610514248565767
14.892843404004406
15.18127920014461
15.266921684245895
15.570664675905386
15.732149860572287
16.07096543776902
16.221736804789415
16.470648718383313
16.690362925338636
16.862982697471786
17.095476338565884
17.250327285553997
17.43197285118922
17.56229093062632
17.035630692379346
15.344515154266896
13.867331409505056
13.222771742735496
12.95533517484079
13.113031282129963
13.04273398579201
12.870382690722277
12.510668912309907
12.109841154369523
11.7634726242094
11.507486721013155
11.325917061463905
11.206108101963444
11.0727501522389
10.970109753681799
10.836061752042697
10.7286281359195
10.62168408125861
10.54055322010077
10.469425437780167
10.416546426000382
10.367848468372504
10.331356711016223
10.301665530510643
10.281122170094639
10.270824180133342
10.270686841278977
10.281879492248237
10.304338738062217
10.337918929872968
10.382191384842438
10.436983312563894
10.50222266061218
10.577896328903895
10.664083789452224
10.760814160925047
10.867860598972953
10.985284751333365
11.113058794712593
11.251224600221542
11.399768582859899
11.558618582391258
11.727819818889959
11.90732587527364
12.0971165400118
12.297196056134185
12.507486372974771
12.727938300604665
12.958493654588208
13.199105640181061
13.449724147642712
13.71026488035649
13.98067179352685
14.26085704764934
14.550743348136953
14.850824245129678
15.159084950604552
15.464710096389467
15.74458993036532
15.982241668146079
16.159661802833565
16.24405533572492
16.208909883236565
16.034038486160448
15.694899458667143
15.351143266073755
15.14667546684133
15.034600873543845
14.987962827283356
14.951968183874271
14.899063583905715
14.818791455291647
14.720421265846875
14.611700134224082
14.507656228550616
14.40883853416809
14.320197893703465
14.232722935099554
14.14752756794053
14.058548695233851
13.967816326871517
13.873371976045208
13.777882247788632
13.680129530878842
13.582968607723616
13.484201963593975
13.385946573965754
13.28597089995761
13.18570331286575
13.083615251959648
12.980959468621664
12.876889054650745
12.77228562499953
12.666654158000677
12.560468511104396
12.453414950593771
12.345921286298486
12.237614975758941
12.128998159711987
12.019499011075814
11.90990999188217
11.799395791712316
11.6890289491314
11.577688939611868
11.466681913935918
11.354662650684999
11.24316906162987
11.130645687344337
11.018826685099405
10.9059676049204
10.793984538710085
10.680970528129478
10.568994818219455
10.456010660459938
10.344208946826136
10.23158878832597
10.119941144233541
10.01219406434501
9.896848617328846
9.792051224010528
9.674508081494649
9.570934232499509
9.453886027098903
9.351403662929208
9.23501154880223
9.133610033109436
9.01842663879544
8.918237637881674
8.804378492971827
8.70559539081419
8.593216547928316
8.495980057173242
8.38531777431223
8.289749506968272
8.181036407927532
8.087281115476012
7.980704741797331
7.888921758189898
7.784687677713043
7.695045789268711
7.593362044629547
7.50601781151894
7.407087874414428
7.316347288849306
7.226914333333278
7.139106376714729
7.051994994678394
6.96717750736144
6.883358230830759
6.801587270846503
6.721121449308879
6.642628537279828
6.565629536777179
6.489586818621788
6.416752029492702
6.344779496857134
6.275440524846934
6.207570210199513
6.141082206260511
6.0791531030320805
6.017923180207766
5.9580081065905315
5.8991817997102105
5.844760953751785
5.789741220592768
5.739384470411223
5.691315733398321
5.644400207710674
5.599093712454824
5.55813932088702
5.519294062414811
5.4850497238241545
5.450456270108626
5.425335740574451
5.3959601342966454
5.376563479906485
5.3575248252866645
5.345041597974211
5.333473453860623
5.328411201088639
5.321845004618656
5.320444695947221
5.315780867920235
5.314645635350147
5.31001043402411
5.308505400314123
5.303852855187057
5.302797358860247
5.299106634367369
5.299325481971708
5.297498649731774
5.297376428194581
5.296096668660671
5.296231842443233
5.2955791888210015
5.29583759014863
5.294913193974285
5.295351634413275
5.293671876746518
5.293880546909143
5.293363017147243
