17.416104305163916
17.4168817201706
17.41922094169795
17.423137686110735
17.428654658903802
17.435801496358895
17.444614656008977
17.455137255443443
17.467418859368234
17.48151521526362
17.49748793845996
17.515404147976444
17.535336055034918
17.557360506761825
17.581558488214707
17.60801458649929
17.63681642136267
17.668054047234083
17.701819332219177
17.738205320010767
17.777305581040462
17.819213559441312
17.864021922506463
17.911821919303428
17.96270275493228
18.01675098660097
18.074049947240148
18.134679201807067
18.19871404075376
18.266225014381696
18.337277511001364
18.411931380989113
18.49024060801213
18.57225302790446
18.658010094943
18.74754669461438
18.840891001394006
18.938064379587534
19.039081324915674
19.14394944425571
19.252669470781296
19.365235311657784
19.48163412544173
19.601846426389816
19.725846212986298
19.85360111814224
19.98507257868344
20.120216021925405
20.258981067313506
20.40131174128327
20.547146703662467
20.69641948408432
20.849058727014967
21.0049884441099
21.164128272707636
21.32639373934549
21.491696527240812
21.659944746728208
21.83104320767756
22.004893692945323
22.18139523193209
22.360444373338346
22.54193545622782
22.725760878526188
22.911811362104334
23.09997621362141
23.29014358033121
23.482200700091422
23.676034144855933
23.87153005697479
24.068574377676732
24.267053067164603
24.46685231581176
24.667858746007507
24.869959604264718
25.073042943265204
25.276997793583874
25.481714324898242
25.68708399654936
25.892999697386667
26.099355874882995
26.30604865356638
26.512975942863395
26.720037534501863
26.927135189661897
27.134172716108143
27.34105603556813
27.547693241659125
27.75399464868786
27.959872831676904
28.165242657983896
28.370021310903056
28.574128305645313
28.77748549810059
28.98001708679687
29.181649608467453
29.382311927637666
29.58193522064301
29.780452954480367
29.977800860891065
30.173916906062367
30.368741256325627
30.5622162402165
30.754286307250894
30.944897983754416
31.13399982607431
31.321542371480206
31.507478087052384
31.691761316838367
31.87434822753893
32.055196752981146
32.23426653760467
32.41151887919049
32.58691667102784
32.76042434372324
32.93200780681747
33.10163439038373
33.269272786756034
33.43489299252638
33.598466250943034
33.75996499482038
33.91936279007691
34.07663427999046
34.23175513025775
34.37431717546934
34.51195779382819
34.64741799329499
34.78068566432272
34.911749365289396
35.040598273500564
35.167222137534544
35.29161123093848
35.413756307299366
35.53364855668645
35.65494597962365
35.775165729595955
35.893092390590986
36.008713697678054
36.12201767641442
36.23299260924383
36.341627003145874
36.447909558537546
36.5518291394332
36.6533747448699
36.75253548160032
36.84930053805686
36.943659159591455
37.03560062499348
37.12511422429006
37.21218923783153
37.296814916667195
37.37898046421396
37.45867501922481
37.535887640061496
37.61060729027764
37.68282282551915
37.75252298175029
37.81969636481277
37.88433144132621
37.946416530942294
38.005939799959904
38.062889256314236
38.117252745950836
38.16901795059631
38.21817238693796
38.264703407226506
38.30859820131111
38.34984380012476
38.3884270806267
38.42433477221878
38.45755346464473
38.48806961738467
38.515869570554116
38.54093955731672
38.56326571781818
38.58283411464704
38.59963074982683
38.61364158334044
38.62485255318687
38.63324959696714
38.63881867499258
38.64154579490647
38.641417037806164
38.63841858584904
38.63253675132132
38.62375800714517
38.61206901879518
38.597456677589335
38.579908135316046
38.559410840154065
38.53595257383468
38.50952148999332
38.48010615364983
38.44769558175278
38.412279284716746
38.3738473088767
38.33239027977817
38.287899446215974
38.2403667249301
38.189784745861786
38.13614689786807
38.07944737478939
38.019681221759214
37.95684438164359
37.890933741491324
37.82194717887677
37.74988360801158
37.674743025501385
37.596526555622255
37.515236494989644
37.430876356493584
37.343450912373775
37.252966236309575
37.15942974440046
37.062850234916084
36.96323792669737
36.8606044960927
36.75496311231865
36.64632847113809
36.53471682675398
36.42014602182239
36.30263551549489
36.18220640940524
36.058881471524245
35.93268515781081
35.80364363159683
35.6717847806491
35.538156039383935
35.40612124733283
35.27136423687653
35.13391267502081
34.993795957059056
34.85104522188982
34.705693365186924
34.557775050396884
34.40732671754181
34.25348988872905
34.08367588530487
33.9114527668378
33.736877415476805
33.56000851662013
33.380906537469976
33.199633703411195
33.016253972260394
32.8308330064337
32.643438143080175
32.45413836222793
32.263004252989106
32.07010797786788
31.87552323521404
31.679325219862882
31.481590581998816
31.282397384277537
31.0818250572398
30.879954353043836
30.676867297544007
30.47264714073649
30.267378305591862
30.061146335290438
29.854037838872976
29.646140435317378
29.437542696048517
29.228334085887067
29.01860490244066
28.808446213939575
28.59794979551839
28.387208063944225
28.176314010793135
27.965361134075277
27.75444336831343
27.543655013078283
27.333090659989246
27.122845118190867
26.913013338319505
26.70369033497918
26.494971107750267
26.286950560760083
26.079723420850343
25.873384154382258
25.668026882726686
25.463745296492565
25.260632568554374
25.058781265944155
24.858283260680395
24.659229639611883
24.461710613357667
24.26581542443033
24.071632254631098
23.879248131807238
23.68874883606325
23.50021880551501
23.313741041674135
23.129397014544825
22.94726656750901
22.76742782206799
22.58995708249869
22.41492874047186
22.24241517966663
22.072486680402807
21.905211324299138
21.740654898951007
21.578880802609625
21.419949948833594
21.26392067107547
21.110848627161843
20.96078670362695
20.813784919866524
20.669890332094866
20.52914693711199
20.39159557592476
20.257273837311857
20.126215961486402
19.998452744084066
19.874011440797382
19.752915673083773
19.63518533549808
19.52083650533797
19.409881355442447
19.30232807114628
19.19818077256344
19.097439443548677
19.00009986885979
18.906153581211015
18.815587820063076
18.728385504129328
18.64452521968451
18.56398122683404
18.486723485930412
18.412717706302708
18.341925419389636
18.2743040782311
18.20980718507723
18.148384448614294
18.089981971989396
18.034542472440982
17.98200553292155
17.932307885637286
17.885383726941818
17.841165062518748
17.799582081283592
17.760563555946124
17.724037267709907
17.689930452162226
17.658170263032865
17.62868425018474
17.601400847948096
17.576249869726475
17.553163004687338
17.53207431229956
17.512920710491994
17.495642453271728
17.480183593752912
17.466492428695854
17.454521920833848
17.44423009546268
17.435580407976943
17.42854207925254
17.423090395990148
17.41920697334742
17.4168799773982
